ID,WWD,WWM,YWD,HPD,$M,CED,Reg_#,Sire
lot 1,63,42,102,10.3,72,-7,19944976,Steamboat
lot 2,79,78,129,10.8,55,-5,19940708,Steamboat
lot 3,75,55,126,14.4,62,-10,19940711,Steamboat
lot 4,79,55,133,9.9,62,1,19940710,steamboat
lot 5,84,110,145,9.3,53,0,19914395,Steamboat
lot 6,73,82,130,13.5,68,1,19914329,steamboat
lot 7,60,65,108,6.8,62,2,19914391,steamboat
lot 8,85,95,145,10.9,75,-2,19914392,steamboat
lot 9,67,97,133,11,38,9,19914393,Steamboat
lot 10,81,106,151,12.8,61,0,19914404,Steamboat
lot 11,90,114,159,12.4,54,-4,19914334,Steamboat
lot 12,79,81,138,8,49,-1,19914332,Steamboat
lot 13,72,47,119,7.8,75,4,19914325,Steamboat
lot 14,73,82,130,10.8,61,4,19914381,Steamboat
lot 15,70,53,124,11.1,53,6,19914336,Steamboat
Lot 16,77,85,129,10.9,54,-6,19914387,Steamboat
Lot 17,74,,123,,73,0,19914383,Steamboat
lot 18,90,94,152,14.1,67,-3,19914408,Steamboat
lot 19,49,28,85,8.3,66,8,19914399,Steamboat
Lot 20,72,71,122,9.5,70,1,19914337,Steamboat
lot 21,78,104,135,13.9,60,3,19914330,Steamboat
lot 22,75,96,144,11.7,48,1,19914375,Steamboat
lot 23,72,89,125,6.1,75,-2,19914376,Steamboat
lot 24,57,64,100,10.2,57,-1,19914377,Steamboat
lot 25,85,99,146,11.8,54,-1,19914394,Steamboat
lot 26,58,39,105,8.5,69,4,19914378,Steamboat
Lot 27,69,59,104,11.4,65,-6,19914396,Steamboat
lot 28,50,42,98,10.5,56,8,19923895,Coalition
lot 29,58,38,96,7.6,59,5,19923923,Coalition
lot 30,71,62,128,6.8,61,7,19923919,Coalition
lot 31,61,63,116,12.2,62,1,19923916,Coalition
Lot 32,64,70,106,7.9,52,5,19923904,Coalition
lot 33,74,57,133,12.2,75,-1,19923894,Coalition
lot 34,79,51,130,13.8,85,3,19923891,Coalition
Lot 35,68,81,130,9.4,44,1,19923877,Coalition
Lot 36,51,35,101,9.9,67,9,19923880,Coalition
lot 37,69,90,122,7.8,42,13,19923872,Coalition
Lot 38,49,7,87,10.6,74,12,19925711,circle L Gus
lot 39,60,19,93,12.8,78,1,19925715,circle L Gus
lot 40,65,57,120,13.7,69,9,19925709,circle L Gus
lot 41,65,32,104,13.2,87,10,19925691,circle L Gus
Lot  42,69,78,129,10.9,58,13,19925706,circle L Gus
Lot 43,65,35,107,13.4,86,7,19925692,circle L Gus
Lot 44,72,31,117,11.4,85,7,19925699,circle L Gus
Lot 45,51,,88,,89,14,19925686,circle L Gus
Lot 46,64,52,116,15.4,74,6,19925714,circle L Gus
Lot 47,55,20,90,13.3,78,11,19925700,circle L Gus
Lot 48,57,37,98,13.1,79,12,19925705,circle L Gus
Lot 49,77,72,128,11.7,74,7,19925695,Marcy's Spur
Lot 50,57,62,93,13.1,59,7,19914398,Seedstock
lot 51,43,29,82,15,62,14,19914335,Seedstock
Lot 52,66,50,105,17.2,69,2,19914409,Seedstock
lot 53,51,45,87,17.5,69,4,19914400,Seedstock
lot 54,57,48,108,18.1,82,13,19914388,Seedstock
lot  55,68,59,120,16.5,84,3,19914389,Seedstock
lot 56,70,103,127,11.6,44,3,19914390,Seedstock
Lot 57,53,52,91,16,64,6,19914327,Seedstock
Lot 58,63,79,109,15.5,62,4,19914328,Seedstock
lot 59,53,79,98,14.1,48,3,19914380,Seedstock
lot 60,45,10,67,14.7,79,5,19914382,Seedstock
Lot 61,65,37,87,13.8,65,9,19928780,Seedstock
lot 62,69,78,127,17.5,69,6,19914385,Seedstock
lot 63,50,58,84,15.9,68,12,19914379,Seedstock
lot 64,72,88,132,15.3,56,-5,19924248,Landmark
lot 65,57,20,93,16.1,82,11,19924250,Landmark
lot 66,65,37,112,12,80,6,19924246,Landmark
Lot 66,65,37,112,13.1,80,6,19924246,Landmark
Lot 67,47,36,85,11,63,6,19924247,Landmark
Lot 68,49,11,78,13.3,76,6,19931307,Landmark
Lot 69,79,64,124,12,79,3,19938587,Marcy's Spur
lot 70,65,28,103,11,85,9,19914407,Marcy's Spur
lot 71,66,65,116,14.7,75,6,19941926,Marcy's Spur
lot 72,65,39,105,15.2,88,8,19941929,Marcy's Spur
Lot 73,65,,103,,86,8,19938497,Marcy's Spur
Lot 74,76,53,124,10.7,73,5,19941925,Marcy's Spur
Lot 75,70,85,124,11.6,55,2,19941928,Marcy's Spur
Lot 76,69,,109,,79,7,19941927,Marcy's Spur
Lot 77,49,42,93,7.6,57,8,19914403,Diamond Summit
Lot 78,51,56,92,9.6,47,8,19914401,Diamond Summit
Lot 79,42,2,80,10.4,75,6,19914386,Diamond Summit
Lot 80,83,94,145,14.3,58,-1,19928776,Elllingson Homestead
Lot 81,64,43,107,15.4,83,6,19924252,Elllingson Homestead
Lot 82,67,40,122,14.4,77,6,19924249,Elllingson Homestead
Lot 83,80,104,140,4.2,42,-9,19914326,Roughrider
lot 84,60,60,113,10.7,67,-2,19925680,Roughrider
lot 85,55,54,95,10.3,57,4,19925564,Roughrider
Lot 86,79,73,135,13,69,1,19925678,Roughrider
Lot 87,68,56,130,7.8,62,-3,19914333,Roughrider
Lot 88,55,33,90,12.5,71,-5,19925583,Roughrider
lot 89,56,41,95,8,63,-1,19914331,Roughrider
Lot 90,65,63,109,16,69,1,19928765,Renoun
Lot 91,52,45,86,13,53,0,19914402,Renoun
Lot 92,53,54,94,11.6,52,6,19914405,Renoun
Lot 93,60,69,106,16.3,65,1,19914406,Renoun
Lot 94,64,49,110,11.3,64,11,19931306,Achievement
Lot 95,70,73,122,14,59,5,19928767,Who's That
Lot 96,81,108,127,15.1,60,-1,19925801,Stunner
Lot 97,70,98,134,15.1,56,4,19928840,Poss Maverick
Lot 98,75,78,138,9.9,54,4,19927666,Poss Maverick
Lot 99,64,54,116,7.9,63,1,19927661,Poss Maverick
Lott 100,69,92,129,9.5,48,6,19927520,Poss Maverick
Lot 101,70,79,127,11.9,52,6,19924257,Raindance
Lot 102,65,53,117,14.3,69,13,19924259,Raindance
Lot 103,71,83,136,7.2,47,10,19929060,Raindance
Lot 104,62,59,108,9.5,55,16,19928779,Windover
Lot 105,76,79,131,16,71,6,19914384,Justified
